===Dados de Entrada===
 N: 10
 x0: -0.725655
 y0: 2.910444
 z0: 0.052357
 xl0: 0.005108
 yl0: -0.006719
 zl0: -0.000104
 gama: 100.000000
 chi: 10.000000
 r0: 3.000000
 ve: 5.000000
 vex: 5.000000
 vey: 5.000000
 vez: 5.000000
======================
A: 769.002673
B: 379.330623
D: -766.097109
E: -1.423347
G: -424.114207
H: 0.057237
I: -384.829441
Fn*n^1: -0.500000
Cn*n^1: 0.004766
Jn*n^1: 0.0000000604
Fn*n^0: -0.146448
Cn*n^0: 0.004880
Jn*n^0: 0.0000000612
Fn*n^2: -2.750000
Cn*n^2: 0.004545
Jn*n^2: 0.0000000590
A[1]: 50.481635
A[2]: -1182.921901
A[3]: -0.006707
A[4]: 2.910444
A[5]: -0.476649
A[6]: 0.057237
A[7]: -27499.997656
A[8]: 50.481635
A[9]: 45.453366
A[10]: -0.006707
A[11]: -0.000590
A[12]: -0.476649
a1: 0.000392
a2: 1399312.696899
a3: 0.000000
a4: 2548.622683
a5: -59715.878090
a6: -1388245.141001
a: -23.430647
b: 549.046631
c: -0.001836
d: 0.000003
Result: 301357.752580
